1.000000e+00 1.197625e-11 1.704638e-10 1.665335e-16 1.197625e-11 1.000000e+00 3.562503e-10 -1.110223e-16 1.704638e-10 3.562503e-10 1.000000e+00 2.220446e-16
9.998804e-01 1.381571e-03 1.540756e-02 1.210187e-02 -1.365955e-03 9.999985e-01 -1.023970e-03 4.468736e-04 -1.540895e-02 1.002801e-03 9.998808e-01 1.267281e-01
9.993411e-01 4.139270e-03 3.605873e-02 3.021791e-02 -4.118323e-03 9.999913e-01 -6.552072e-04 9.791738e-04 -3.606113e-02 5.062745e-04 9.993495e-01 2.686230e-01
9.980124e-01 5.708759e-03 6.275818e-02 5.987546e-02 -5.760680e-03 9.999832e-01 6.463838e-04 2.308105e-03 -6.275344e-02 -1.006628e-03 9.980286e-01 4.305403e-01
9.953527e-01 5.411577e-03 9.614398e-02 1.050408e-01 -5.718903e-03 9.999794e-01 2.921236e-03 3.322381e-03 -9.612619e-02 -3.457497e-03 9.953632e-01 6.034613e-01
9.909970e-01 2.437994e-03 1.338620e-01 1.652963e-01 -3.155109e-03 9.999818e-01 5.145250e-03 5.264528e-03 -1.338470e-01 -5.521275e-03 9.909866e-01 7.870087e-01
9.848812e-01 -8.797585e-04 1.732288e-01 2.401943e-01 -1.148614e-04 9.999835e-01 5.731548e-03 7.625042e-03 -1.732310e-01 -5.664790e-03 9.848649e-01 9.812571e-01
9.763389e-01 -1.209269e-03 2.162426e-01 3.220547e-01 -3.105266e-04 9.999755e-01 6.994083e-03 1.121243e-02 -2.162458e-01 -6.895743e-03 9.763146e-01 1.185453e+00
9.644808e-01 -1.175212e-03 2.641504e-01 4.170054e-01 -1.347063e-03 9.999552e-01 9.367301e-03 1.474470e-02 -2.641496e-01 -9.390408e-03 9.644360e-01 1.399473e+00
9.500987e-01 -4.177904e-03 3.119216e-01 5.318267e-01 -1.009852e-03 9.998639e-01 1.646823e-02 1.361741e-02 -3.119479e-01 -1.596143e-02 9.499651e-01 1.620036e+00
9.333565e-01 -1.416072e-02 3.586714e-01 6.772189e-01 5.593755e-03 9.996740e-01 2.491176e-02 1.304237e-02 -3.589072e-01 -2.124523e-02 9.331314e-01 1.841928e+00
9.123320e-01 -2.014890e-02 4.089552e-01 8.328051e-01 8.864985e-03 9.995264e-01 2.946912e-02 1.601613e-02 -4.093553e-01 -2.326024e-02 9.120785e-01 2.063052e+00
8.872656e-01 -2.177657e-02 4.607445e-01 9.991018e-01 7.355619e-03 9.994259e-01 3.307187e-02 1.908196e-02 -4.612002e-01 -2.595447e-02 8.869164e-01 2.286905e+00
8.590210e-01 -2.409304e-02 5.113731e-01 1.188050e+00 5.460112e-03 9.992663e-01 3.790778e-02 2.416489e-02 -5.119112e-01 -2.977142e-02 8.585223e-01 2.512800e+00
8.270453e-01 -2.918261e-02 5.613773e-01 1.399778e+00 6.631357e-03 9.990885e-01 4.216697e-02 3.070196e-02 -5.620962e-01 -3.115130e-02 8.264850e-01 2.733367e+00
7.911863e-01 -3.486678e-02 6.105806e-01 1.634196e+00 8.791727e-03 9.989188e-01 4.565031e-02 3.653765e-02 -6.115121e-01 -3.074984e-02 7.906374e-01 2.948016e+00
7.532744e-01 -3.928513e-02 6.565321e-01 1.890112e+00 9.846352e-03 9.987762e-01 4.846688e-02 4.599883e-02 -6.576327e-01 -3.004440e-02 7.527394e-01 3.160521e+00
7.135453e-01 -4.262496e-02 6.993113e-01 2.166152e+00 1.112298e-02 9.987109e-01 4.952483e-02 5.994960e-02 -7.005209e-01 -2.755978e-02 7.130996e-01 3.369735e+00
6.716420e-01 -4.460763e-02 7.395317e-01 2.465897e+00 1.077426e-02 9.986683e-01 5.045326e-02 7.581133e-02 -7.407975e-01 -2.591862e-02 6.712282e-01 3.579897e+00
6.289069e-01 -4.493066e-02 7.761812e-01 2.784666e+00 6.144236e-03 9.985848e-01 5.282648e-02 9.232525e-02 -7.774563e-01 -2.845390e-02 6.282930e-01 3.792151e+00
5.870428e-01 -4.577422e-02 8.082608e-01 3.131897e+00 3.200808e-03 9.985236e-01 5.422462e-02 1.077991e-01 -8.095496e-01 -2.924508e-02 5.863226e-01 4.000366e+00
5.468504e-01 -4.700298e-02 8.359099e-01 3.507611e+00 1.579470e-03 9.984790e-01 5.511092e-02 1.241318e-01 -8.372289e-01 -2.881713e-02 5.460929e-01 4.202254e+00
5.079969e-01 -4.952766e-02 8.599338e-01 3.909356e+00 3.120507e-04 9.983560e-01 5.731572e-02 1.392366e-01 -8.613589e-01 -2.884786e-02 5.071772e-01 4.402127e+00
4.705742e-01 -4.939765e-02 8.809766e-01 4.338561e+00 -2.506181e-03 9.983528e-01 5.731779e-02 1.575565e-01 -8.823569e-01 -2.918016e-02 4.696753e-01 4.600410e+00
4.341107e-01 -4.876219e-02 8.995388e-01 4.794196e+00 -3.833407e-03 9.984249e-01 5.597259e-02 1.775272e-01 -9.008514e-01 -2.774660e-02 4.332400e-01 4.791823e+00
4.001985e-01 -4.738002e-02 9.152029e-01 5.277728e+00 -2.459822e-03 9.986035e-01 5.277330e-02 1.987946e-01 -9.164252e-01 -2.337103e-02 3.995230e-01 4.974126e+00
3.705133e-01 -4.579345e-02 9.276976e-01 5.789743e+00 -3.407336e-04 9.987771e-01 4.943820e-02 2.220149e-01 -9.288271e-01 -1.863361e-02 3.700446e-01 5.152037e+00
3.447498e-01 -4.391011e-02 9.376670e-01 6.329744e+00 1.047874e-03 9.989227e-01 4.639340e-02 2.453956e-01 -9.386940e-01 -1.501156e-02 3.444245e-01 5.330723e+00
3.239119e-01 -4.320487e-02 9.451002e-01 6.895352e+00 2.240032e-03 9.989889e-01 4.490066e-02 2.686406e-01 -9.460846e-01 -1.242680e-02 3.236812e-01 5.510973e+00
3.087526e-01 -4.375508e-02 9.501354e-01 7.490216e+00 3.193237e-03 9.989833e-01 4.496694e-02 2.909019e-01 -9.511371e-01 -1.084965e-02 3.085784e-01 5.692965e+00
2.971358e-01 -4.535063e-02 9.537576e-01 8.109243e+00 4.506657e-03 9.989269e-01 4.609440e-02 3.131206e-01 -9.548246e-01 -9.398038e-03 2.970213e-01 5.878028e+00
2.861734e-01 -4.734783e-02 9.570073e-01 8.752695e+00 3.322596e-03 9.988214e-01 4.842303e-02 3.367873e-01 -9.581721e-01 -1.067764e-02 2.859935e-01 6.068197e+00
2.755822e-01 -4.911161e-02 9.600221e-01 9.421853e+00 1.669367e-03 9.987170e-01 5.061191e-02 3.626882e-01 -9.612761e-01 -1.234511e-02 2.753106e-01 6.260273e+00
2.654907e-01 -5.082935e-02 9.627726e-01 1.011201e+01 9.290294e-04 9.986223e-01 5.246585e-02 3.902645e-01 -9.641130e-01 -1.303475e-02 2.651722e-01 6.449695e+00
2.552866e-01 -5.276707e-02 9.654245e-01 1.082597e+01 -1.024058e-04 9.985081e-01 5.460241e-02 4.193165e-01 -9.668655e-01 -1.403813e-02 2.549003e-01 6.636983e+00
2.447070e-01 -5.444156e-02 9.680674e-01 1.155971e+01 -2.433160e-04 9.984189e-01 5.620996e-02 4.514517e-01 -9.695971e-01 -1.399052e-02 2.443069e-01 6.820541e+00
2.344779e-01 -5.557489e-02 9.705316e-01 1.231146e+01 -2.675058e-04 9.983608e-01 5.723309e-02 4.861180e-01 -9.721215e-01 -1.367952e-02 2.340787e-01 7.000760e+00
2.239597e-01 -5.876757e-02 9.728250e-01 1.308227e+01 -1.673765e-03 9.981557e-01 6.068311e-02 5.233622e-01 -9.745970e-01 -1.521885e-02 2.234483e-01 7.178249e+00
2.126916e-01 -6.187357e-02 9.751584e-01 1.386203e+01 -3.499256e-03 9.979385e-01 6.408219e-02 5.631455e-01 -9.771131e-01 -1.704207e-02 2.120367e-01 7.350290e+00
2.005651e-01 -6.644519e-02 9.774245e-01 1.464994e+01 -4.535082e-03 9.976237e-01 6.874892e-02 6.034900e-01 -9.796699e-01 -1.822133e-02 1.997872e-01 7.512325e+00
1.876917e-01 -6.885220e-02 9.798118e-01 1.544431e+01 -5.479795e-03 9.974512e-01 7.114144e-02 6.443426e-01 -9.822127e-01 -1.872182e-02 1.868360e-01 7.663696e+00
1.736602e-01 -6.949137e-02 9.823508e-01 1.624124e+01 -5.967304e-03 9.974147e-01 7.161190e-02 6.849788e-01 -9.847876e-01 -1.829812e-02 1.727966e-01 7.803818e+00
1.593308e-01 -6.850007e-02 9.848459e-01 1.704599e+01 -7.306808e-03 9.974807e-01 7.056100e-02 7.272439e-01 -9.871982e-01 -1.843862e-02 1.584289e-01 7.933466e+00
1.429603e-01 -6.748327e-02 9.874251e-01 1.785699e+01 -7.923195e-03 9.975628e-01 6.932325e-02 7.679911e-01 -9.896967e-01 -1.773403e-02 1.420772e-01 8.048258e+00
1.227354e-01 -6.585881e-02 9.902518e-01 1.867273e+01 -1.036799e-02 9.976561e-01 6.763631e-02 8.064539e-01 -9.923853e-01 -1.856829e-02 1.217649e-01 8.147356e+00
9.757047e-02 -6.460911e-02 9.931292e-01 1.949576e+01 -1.483434e-02 9.976852e-01 6.636292e-02 8.456493e-01 -9.951181e-01 -2.120748e-02 9.638618e-02 8.228210e+00
6.770294e-02 -6.432262e-02 9.956299e-01 2.032201e+01 -1.914779e-02 9.976520e-01 6.575532e-02 8.850078e-01 -9.975218e-01 -2.351593e-02 6.631234e-02 8.284769e+00
3.479944e-02 -6.389870e-02 9.973494e-01 2.115627e+01 -2.241608e-02 9.976529e-01 6.470029e-02 9.232781e-01 -9.991429e-01 -2.460820e-02 3.328541e-02 8.311045e+00
5.546900e-04 -6.357691e-02 9.979768e-01 2.199272e+01 -2.432321e-02 9.976808e-01 6.357158e-02 9.585630e-01 -9.997040e-01 -2.430926e-02 -9.929930e-04 8.306307e+00
-3.340201e-02 -6.247780e-02 9.974872e-01 2.283006e+01 -2.520042e-02 9.977795e-01 6.165225e-02 9.929263e-01 -9.991243e-01 -2.307779e-02 -3.490231e-02 8.271717e+00
-6.618836e-02 -6.032882e-02 9.959817e-01 2.366830e+01 -2.699712e-02 9.979134e-01 5.865173e-02 1.025646e+00 -9.974419e-01 -2.300657e-02 -6.767896e-02 8.211107e+00